Test Acc: 0.43179086595773697
Test Acc: [0.41015625, 0.4375, 0.48046875, 0.42578125, 0.41015625, 0.40625, 0.4609375, 0.42307692766189575]
Test Acc: 0.29023437574505806
Test Acc: [0.26953125, 0.29296875, 0.296875, 0.27734375, 0.29296875, 0.30078125, 0.25390625, 0.328125, 0.27734375, 0.28125, 0.27734375, 0.33984375, 0.30078125, 0.27734375, 0.27734375, 0.30000001192092896]
Test Acc: 0.22888764863212904
Test Acc: [0.19140625, 0.19921875, 0.21875, 0.19921875, 0.24609375, 0.23046875, 0.19140625, 0.21875, 0.25390625, 0.23046875, 0.21875, 0.28515625, 0.29296875, 0.23046875, 0.29296875, 0.26171875, 0.26171875, 0.1953125, 0.19921875, 0.19140625, 0.21484375, 0.23046875, 0.1796875, 0.2589285671710968]
Test Acc: 0.1422119140625
Test Acc: [[0.0703], [0.125], [0.0664], [0.0664], [0.0859], [0.082], [0.1094], [0.0938], [0.1094], [0.1289], [0.0664], [0.0742], [0.1328], [0.125], [0.0859], [0.0977], [0.125], [0.0781], [0.0938], [0.1172], [0.1133], [0.1055], [0.1016], [0.1719], [0.25], [0.2773], [0.2578], [0.2695], [0.2734], [0.2422], [0.2578], [0.2969]]
Test Acc: 0.09169921875
Test Acc: [[0.0117], [0.0234], [0.0078], [0.0195], [0.0156], [0.0078], [0.0117], [0.0156], [0.0352], [0.043], [0.0195], [0.0273], [0.0508], [0.0391], [0.0273], [0.0273], [0.0312], [0.0156], [0.0195], [0.0273], [0.0156], [0.0234], [0.0117], [0.0312], [0.0508], [0.0977], [0.0391], [0.0508], [0.0391], [0.0508], [0.0547], [0.2344], [0.3047], [0.2734], [0.3438], [0.2812], [0.2539], [0.3203], [0.3398], [0.375]]
